11.57511234283447265625
11.65918064117431640625
9.75323486328125
10.66278171539306640625
10.42841339111328125
10.94607448577880859375
10.0197887420654296875
13.123516082763671875
12.7305393218994140625
10.06607913970947265625
9.99893665313720703125
12.099750518798828125
12.208141326904296875
12.07009220123291015625
14.565563201904296875
12.0708255767822265625
11.65871906280517578125
12.5474262237548828125
9.89807224273681640625
10.62679004669189453125
11.5514984130859375
10.2231082916259765625
12.34818935394287109375
11.23630046844482421875
12.07840824127197265625
10.10020351409912109375
11.55809497833251953125
11.5061740875244140625
10.39149951934814453125
13.3560543060302734375
12.888271331787109375
12.87885379791259765625
13.2031116485595703125
10.1543712615966796875
11.907115936279296875
11.588939666748046875
10.246959686279296875
12.1291675567626953125
11.12464618682861328125
12.094730377197265625
9.47328948974609375
12.28736782073974609375
12.65567111968994140625
10.8155994415283203125
11.5132904052734375
12.923755645751953125
12.06002902984619140625
11.843441009521484375
10.4258518218994140625
14.5785198211669921875
11.86582851409912109375
9.4526691436767578125
12.6231327056884765625
10.6514301300048828125
10.8871059417724609375
9.06751251220703125
10.289470672607421875
11.04860591888427734375
8.71797657012939453125
8.4703273773193359375
